3733444444337244341463452463644234493354144584433344425444453534454444343444324335454446423343444472
2132222341224222411125222222212223222221232222222222123222122212226221222142212222122322142111225142
2122212312232311132122141422211224222223221221112212222321322221171222222214222121222212151132122311
3361722222726442333233322131232224122633327365455226533321242616763532523292236243231746125446353526
3314333232223343324322332223222122333333233323432433221333233134223253233322233623333132222223434233
2311332341321332222425221131323322113442122221532323222121424221343243122222132221323242112242222274
4843477255544748544444694737742344584334444472644563435746473642474684873245435232946338165324946354
2232224332322453122332132335321244322344422331232224232523322422333333222343433423221132332312333333
3212223231232215222722222723426231413272222722272223223227252321334312672222352263321572434272555232
4222222222332232222323122232222224232312324222222223222112323122122222222254132472221113233231234232
2442223215422222515223222321222142312122222241642222922262264222242222123226412224233242114924916124
1357552264251529447583445322563253486795523153444415565544555845722512452824443533244345525335945512
5223224322422233423322323224634362223213323224352323224422334324112634222423321432234213212222132322
2262223422314252333252423222222253733432252221135222222221422335222224232512123228421212272432276224
5474344174245646455345545437755757638457325926352684565757646366866475453262334454437247477573645433
2232432323322612352232262223373352332566222331331331363322333343135234322722323223333233242332324523
3733122313424334444263394236754352333744333243234326264334335352432313332444646333452232331212243433
2333635131433337343233233337334393233323113524325332322336332243312433233332232332332133324334324223
2234852222438421222354133223226626361422338242163226237714853231463641726254225364255224242122332222
3535593544344437495345552545633333539545337544544442454344324434455455354534431334453337525545339945
5345255336156335353563525247424234422732255422234528522447442343235425422243223151653433223262254424
2323234242231222332241322423243332332223242234421222231452332423343322221313231242432233341243315222
4215332533233374444623326446423528332331342656434441345268342813343295851486343433243114224424244454
3413213554165721572763234127343467355771212636615422771722266713725464352241755756454215632225741289
3263334333453451534332334533333334395231733432542345433243335343334333334335242432537333752434514233
5223131225241222324223213224221221222321223222162622223553924426225226224224233261222252223272259221
7387777889897988876877676688768568888785867798256948966775798788785788875668755787787877586586668617
2122222223221411112221272122222252212213222213415221122222152422222222222142321222222222122561232221
1223222442222322212512144232224224124142222232232222422431122422121542122442222122222222132322222223
2232334333233233233323223232333823663533331233233233333444533341733212533333333277434335446836332332
2243522334234373328343231443872422942332532534221224223342421214219434452227333215146343332122122241
3222223252222222523241212132222217242343342312322233221436322537322323232234252333324221325265332152
4232242222514321231262221122222122322122225322122222232223222122421344422112352222222421222153322232
1121241221225122222222253262222222321522314622342155232452532231242122224123222222814123225522253281
6464342744394232234326243133434435432543532363364433444434343433344336324437584433512356534333334414
7112246132242523642516224426124233558822252452331122136438222235422252612266253224223214226564425225
6871672315333366355564264636749636435353276634264235463475963631356487236127664664376667386465576256
2333333223233332333313133126532333323333312333332333233343323333332223343232123332232333433333333313
4368475742744554434447477454657446426556448544443346555446543686355646444634445365244655565464554433
2445247221244324422253323532422322412226212212222232522332225444222213124442324532212342532334342222
2144263123124323222214222322132121231123322222223222352223222222222225123242243322422142224122222535
4343332322326222322323321212414247261342332322222212232333422524325352211221222212332132112242322121
2832241236442221236222124262643128535246626545112333482652422362265262224335125835522126614521254332
6664535513554444564453643532246536455552363555445635566556555543322454535435554556445655354467454567
5857865585735756656296899354776487933948386649949498686559693645335553556995745598875844676875448773
4423447447443464444344444443452432213863344442464443335443144484424464424254336245744384448354474444
1313532364342133121223423213133223264223223126722326223542323212233331343342223722322233322322313434
2232222328221232223212222221122323242222222223222142222223221222212212222223112232212222322222322224
6847567736355444554643435334465353342555653443542549314848651585932743583554353529595544426355553699
3852539622675214732212684227612262463623742724657596475232425412366222426224366223573537624442216671
2132242333265337422392236331231372533325372343443343413521582842365323322621473723337221223222232333
6556631424334446945555358352553334432233511355723375353155533455335324543355743346234352253234725253
3233332323332323311423333235233233223223234323233353333533322252373333333432332632333223323133133233
2222222312231121232121122221211222222222222432222222212821322122212412221121432222222212232222113221
2422324245422222226225222233624122122254512222222162212115221122223222222161234252252422131414233212
1323342144332342421143141341411141144422233344342421213344231121421331214144223322222113412221256789
5334514412435213252223213222222516533425223521122211421562223324555243252513111425451233521132522325
2624363242222463162471424223522412122221334212236263222532232333252121626433322224452222223232232123
1122232212221272222223222222212222321122222112223212232222212222214221122222122222212212221234212222
5432143554345333433494364432332354732334355453324323343234632435432332432412242524345164254534331333
1222222322231223422242132223222322232222222222321222222223222221122212213522221222122223322332223222
2353121613262222234222221122242212262123121212323222322223223232232223223222223222222223412831313322
4222322222224222213242422421222445212314232212521222222222222222242112122422222212222412222222223222
3335333545353343733336334433134333344343334254324243334333433333433334623315334335235463333352353551
5433627987296689333563679884644264575357333629446672434588776848536996237678656995396717636875434732
7148647438352646433343423354143734344544456434345323734265455435552274525537374476342337233843444344
3333433333333333223613233333333333333333333333341333336232333333313623133343322223234433224333233212
2227244241234272245334334323124341242342522543225134342244246443212372453343323442242243332446233234
7695773957258458355459775796655744959946986788573884646385685655965599537657596566874996846658665446
4328254564558647433112435182221927534466723444843473232824532325853668362461972244265433453221554536
5236222122232222223264122123213232162123223522324223222212151241314214223223221222124322253262256214
3222422122212122222233222122222222122223224222231111122222322222124221211223321234111222232112212221
2565226223242468325355416165444426252543342745252153365455533493347943326324374322757892236488236512
1212222132132222222212122242221113222221322221111222123212222422212232322222221112233222222122312222
8343422522142327131442414123433431313342431521354222322331534443322284244414225324255434441232413344
3122223122211222212312322224224222222223123122232223222213222112141122242222222222222322222212122322
3333411231221132323231333223222371222231231332322221322234223213231222232222132332212231233613322121
2232242422221244722231122312222121232222242312222222124222421252252223221252212712221122262222223222
1128224122223233213222532221223263222342212262125222162334122322926222223223212121222223232322232322
3355335636335565236335543336244633773815276843853433489367435338542357465552535275734577836434365323
2487315333513223133833324312334226363335342813244334433232493443252334334223425532333263323463443262
3334459173424443334333234462336633344745633625346244355214445334465733343453345536433653744344212323
2331133451551422234234531132121544445132224514545523121212115233234343142242454223511342144223116789
6534424564486666644555666564466365566545546536665595366565668544563634564845847465653655665566652865
3486356634452524542114665233353243876634326463533243445263772224625263157328572335642621566225522763
3333212223221223126333122222332422231121421212235224223213224222223322222333432232312422522243222332
7642524353462225223565624732752554342475278567325778858436443352542334573456375628746467578432376557
2322326566243233222464322146276254732332234225244123355346444231226542312422143432233424522152123242
6254613464633416234614324413565112566654645153234356235614536426665413364545612522345344332426164789
3727162122125252426292329455299621612233324225242233236235225122546312224735534325423524522914834438
4933874673584489492267653846362474587974299589647248169668467484393729858744275588576594682666777465
4522225225382322232225322132212122532123234353222222223422372222322362322452232322522335231222322242
8322243262385345591233412261124596346932522225336244341525923162223186216332382172215115442252225483
1242322373312322222244673226212235127252461241242222512131446262422221223232622724232226256214262242
5212221333223223642257233232272642637612321222242222326772231222771342132342272214328275121812237221
9632666923349447377694673657237575637569514878337544747757543545567443636557538867634276683638776723
7922852135622755275418823858339732253123254355217242235622834647922582412246493252862232733719527253
2354551544523235479366495334233223153523655443333434323235483475525343444434246343423325643323253492
3552212346439342357344372325341762422437223823333732434863223322938332335333257212332491363234233223
5224526157379324123261552722673693442651223323512726436253625276158445173383664222216364632256157746
3242234349434444444454363444464544343245444345224454143244424456364443344546445433425424333456434234
1262234122324123332333324342231222222222212224211212312112323213232222461222233222222222232232411223
6675456843675488335732871536656686742556644356226748664663256248935176361483545636316656666445263927
6934755767359777475466276896265462652866663257876729576377686556477296667455653674742953373396955666
5322271433333442323323124389331383434373336835833232349328333243315432322246334932213153244232533333
3243343245333543533265336416324242533335372263433223216452233355555233558735323234256633352225266333
3345336233263226342342232333437373133333355323331333342232262233142333335331233325325833233322388536
4334344366333434353234343644474342333345326434324633483442433343344323233332243433314343138336344333
5742453457337385245435537353538451236627313273534434757387335365373783434573576443864363446443345274
2242212222512124222222122223212321242222211232142322222222222121222212212222212284125222222252212313
6457496472255365354846373564564176445612646845765426633567546875554776774937636876383456564376555333
4433443241433332223233134333332323333232433331435333244313133343243433333443322343424344242343333424
3244235421525843323252332653323364232353234252572347322232633313333533114234325222743343323343324342
7375554573577852344992167446246453342574854259864764534984143534553435228455644833274674362552541475
2525222222334732224222222322123132321222122221212512242324132322226122222321522513222353223243163211
6755464475878324858534469548444754696427498224629446427953454586463747692967546477757567528833372487
1376284364625122374546535337755723883446553655622685444759341545445544166233113628511374413256747523
3346425223455232243223544234237342342252423253233231314242322332311223252264224361441343353341313224
2124433447523343335261225326233324735322263715625422458724362457142432624212513233811446734284553252
5262224322322224614144325333336224336343444445463233223222243333222552354265542232535642122416223543
8662745842532224246444226116227642476124227277984477424446346752274247422472126273743373722197478626
2253773123768316666546492279295867776545497762463862524344773776276423384128722972626778664387236722
2188442333653334383824659463474654336635768658697523345133576343396252748732324226623335335263435754
3322342312211222223534612121437412242222132236242253225522252123222224221224355215532244332425241222
2111212142422232325141231222424342442222542372112121222222221242221323324132333234247142234432243327
6262532574822366225316328226379237343546838212396376631935833262519562753625516322562923625367262662
2163432313433313242422234233272323323216434631432244344643142124234733322631322124232421349532448222
2635227345623554174867113375651246121711286816171433181581277221771322562368642635831541667643648739
2524242241224322541322232444512553415324431425525415543222255252222323413234522232244321222132443425
2232222121221142225332232622221222114271224221222228321222222522212223226232227221236322312222121221
8453445335322333441532333384344245414836243432383649333433373258344343134524338535346343444964348433
2222221241142222232112213212322222225211222222212213222222322232222221212121222122223212222222221112
2221224222221252522212222322322222222522221122212222522122122232222221322122222321111231222223221122
2122222221222322222324222222222323212222242122241523324223321222132222221222222122211222221212222112
3624345635353223352361232625623332224323233547244453335234233333321322225331433252435355253345321356
5341334334153425335623533562733346342465231435232322253352354445222244423616243352243563321355726244
2322421342332233423222224222443321333223411333262123422123222231334141223434431242223224331122224312
4214252342352334442325521231622212234133212223222233423615233342221233323231232331254334236222223232
2324256333323123333543233222226122212563162336132536223332734833232334223423523123252233133433331334
5733282645355342352224327345434634443553423432647455554455545133366352545543453515755515325424556336
5236635413344474354386551464823546783835812643545213534547567554434464383527544343435929471254734554
4453433342333431352333433134423243333333332243343924252423532432232243336333231333423343472373333346
2123823326351443322313315322117242343353332324232323433211323323735232223253491233223333342236333222
2132262332323333321222212332722225411322322221325131313312223224332111135135123363322323222221242322
3241464433554434433584433337444474544132433633353585458363445334347443335353243433743475374334272643
3212112332223322222224223222113224142212121222111223222121121223231122212221221122222231214222321222
6535326627666544644314343445553336825546532343444545526137445573555425424364565634435366336541645473
3435333342323412434322513333343534232332323232523423233323444333263242334353333534224321332322233323
2421224221223323426262621212264244223315225411242225632224432112452259322125322253639225233222544313
4454542354637242322321225432521321652226464338236642245222622642447523123166224242846126242446222626
4233354243545344453324223243134333433342333343454431433334435222334334426423554545543133423335331334
2314624289442413222221442123218464447232212226222242445275453522532842944542235327745222323436324842
7774672854445768755445885566455648774674785835944947456475764644666869853248375447487455458536557616
4343366254215413445412342443324233532233433344837423482671444123533422337413734836534264334393613343
2322224232352221121422223232422223422123532322223222343322321232222241122332222222422234412123223323
2332242223212541121321333123125312412324333162243432324633441222244333331363213462344333223233342237
4366346423322361444454344444244441373444444234344343334544644433244425443341445264374425214451143443
3222348343324354322624141345224424422322344432333333221232212223316333534312334344543332342313233354
7333379362232954575512554124512241244433222244334131351454345642185223912223674439343523432658223743
3212422342636424222452233431143223222316234243441321222222224344145344422123243442262142241262412222
2222212221222222112324232322223522122223124322222222422222124221121231313122512121322332222322322222
1312223122213442223322153123226154122715142322254622341342283223434221222341422414443421624643422222
2224224233224212222212422422133232332252134123222241223272322222522242122542584222233242212222221422
4433122534233323135322423321121322221334323433333623122324226232313222223129212322122222221122162332
1212326122322124222241312122223222322222222212212223222222312232223222212222122211212222222242422224
6327545633573552453345445435649787555974432548325445553822257755473353562543485545644364424565545433
3336425142442464514523334224353322434224432444524123452421362543124355212145522442342423234233245221
4423831265252354855423338252152222238126522222655222426233356645445724453582666363324424425341351266
3323332144242333333343332433433563334333346532443432434226433432363333344233334322443242334523235133
4234324333655524458532533382164498343383653334342523233433354332433423293373233358733333324424353733
6255255535544153455357575523557654335531552231454785552525425564235434433471534343551464475354355264
7753997898765675699735287676348295798765939899628498638988988848743848847449896869699697884296869871
4643653666445245366531455463953445634642566262445647465665345556254583644655435465444435463646552237
8847347899485448474446487336666887778747873644878896654645474678383888446846444744454445889473545775
5341435544126232433384555372812263423234332442233394649441232243512313833982347341332672222233315112
2222222212222132342222233322211222222321222221332213322232121451322425222222423121222322331222222322
3338522143542333626121265824235322642362282422631221239233214332224226222342332549242255316174333144
2715522251513434442551232452224242564142222212242226221223242231232512752224251212352212544343252245
5633324255634523242255214332143124322755514642575233371523456253325326453373714233642476522255372154
2442224112748253455229257222517452652214847224221226225424531323224523121331442383664317423755621152
5412215832232286262154552313271266224751924222228426572857327222882525322531783512227523661225545712
3324222421225612322524222252353442532552114248125412223421424182222221227322421241424212343255233622
2223212232245123224223422223332232221222322222241322221432222222222222222223213222322212122232212222
1221434221314221234112222142322326222121122222222322222212221234333212222221822214242212224222132123
3433343431362156445546346437443436624223625535553337476333446325366344635365534533363333633744533343
2538463586464266639466656334267583568689366887468699645749583661661655596565659464634588675543536526
3423243322342464313323253332334841222253232243533331453332323424332332223532555634233321243116363423
2224212242124212522132242232321622112242222232222232225253212163122221124461512213213221222211223342
4362324455344565755343756344475547437425422224446454445574455184152546434675255865343545574454443355
4933823424443241374533234833237553336225323849742498354321333853453334284421485436144433936293712234
3473244442523325532533623353555555425573332653555625333434425426342353455263553623239532473557355333
4822323232434444143241214422422132343334624443314344221344463443244311143141342441464234343233354523
9446989838566447757575797954977899674198469878779759747665693861275465567496994569837435214647836674
1662844445488523484468444545542856645165242215724275484542774642433623517632646526764457368224267663
6225425133834453335324483422231486342232431655343352427443133232424412213543223583972942334252342143
1436342252342212324322214224423342123232222622413221523223622432273223251122222422442924112211223312
1625879966347168173256797676274439652744581452256467325165665669553136943765354856678776167775346543
3472932146352522227246273922231235523334323458559771542346247222248322126253623264234563521323232655
3256252322261223323127512122536252866221526241232354218212242217441723212512252121228225451212122172
4454425455874535433555555555244573258234554234674852455545555562255553454356434277455446544934364333